annotation,annotation_tokens,confidence,end_token,label,line,reason,severity,start_token,text,tokens
✅ Best Practice: Class docstring provides a brief description of the class.,"[26486, 227, 6705, 19939, 25, 5016, 2205, 8841, 3769, 257, 4506, 6764, 286, 262, 1398, 13]",1.0,13,best_practice,12,Class docstring provides a brief description of the class.,,0,from ...data.dataset.weight import Reweighter,"[6738, 2644, 7890, 13, 19608, 292, 316, 13, 6551, 1330, 16140, 68, 4799]"
🧠 ML Signal: Use of **kwargs to handle flexible parameters,"[8582, 100, 254, 10373, 26484, 25, 5765, 286, 12429, 46265, 22046, 284, 5412, 12846, 10007]",1.0,13,ml_signal,13,Use of **kwargs to handle flexible parameters,,13,,[]
✅ Best Practice: Using update to merge dictionaries,"[26486, 227, 6705, 19939, 25, 8554, 4296, 284, 20121, 48589, 3166]",1.0,23,best_practice,15,Using update to merge dictionaries,,13,"class XGBModel(Model, FeatureInt):","[4871, 1395, 4579, 17633, 7, 17633, 11, 27018, 5317, 2599]"
🧠 ML Signal: Initialization of model attribute,"[8582, 100, 254, 10373, 26484, 25, 20768, 1634, 286, 2746, 11688]",0.5,32,ml_signal,16,Initialization of model attribute,,23,"    """"""XGBModel Model""""""","[220, 220, 220, 37227, 55, 4579, 17633, 9104, 37811]"
✅ Best Practice: Use of descriptive variable names for clarity,"[26486, 227, 6705, 19939, 25, 5765, 286, 35644, 7885, 3891, 329, 16287]",1.0,47,best_practice,26,Use of descriptive variable names for clarity,,32,"        num_boost_round=1000,","[220, 220, 220, 220, 220, 220, 220, 997, 62, 39521, 62, 744, 28, 12825, 11]"
✅ Best Practice: Clear separation of features and labels for training and validation,"[26486, 227, 6705, 19939, 25, 11459, 14139, 286, 3033, 290, 14722, 329, 3047, 290, 21201]",1.0,51,best_practice,32,Clear separation of features and labels for training and validation,,47,    ):,"[220, 220, 220, 15179]"
✅ Best Practice: Handling of 2D arrays to ensure compatibility with XGBoost,"[26486, 227, 6705, 19939, 25, 49500, 286, 362, 35, 26515, 284, 4155, 17764, 351, 1395, 4579, 78, 455]",0.5,74,best_practice,36,Handling of 2D arrays to ensure compatibility with XGBoost,,51,"            data_key=DataHandlerLP.DK_L,","[220, 220, 220, 220, 220, 220, 220, 220, 220, 220, 220, 1366, 62, 2539, 28, 6601, 25060, 19930, 13, 48510, 62, 43, 11]"
⚠️ SAST Risk (Low): Potential for unhandled exceptions if input data is not as expected,"[158, 248, 254, 37929, 311, 11262, 19602, 357, 20535, 2599, 32480, 329, 555, 38788, 13269, 611, 5128, 1366, 318, 407, 355, 2938]",0.5,101,sast_risk,39,Potential for unhandled exceptions if input data is not as expected,Low,74,"        x_valid, y_valid = df_valid[""feature""], df_valid[""label""]","[220, 220, 220, 220, 220, 220, 220, 2124, 62, 12102, 11, 331, 62, 12102, 796, 47764, 62, 12102, 14692, 30053, 33116, 47764, 62, 12102, 14692, 18242, 8973]"
✅ Best Practice: Use of reweighter pattern for flexible weighting,"[26486, 227, 6705, 19939, 25, 5765, 286, 302, 732, 4799, 3912, 329, 12846, 3463, 278]",0.5,128,best_practice,45,Use of reweighter pattern for flexible weighting,,101,"            raise ValueError(""XGBoost doesn't support multi-label training"")","[220, 220, 220, 220, 220, 220, 220, 220, 220, 220, 220, 5298, 11052, 12331, 7203, 55, 4579, 78, 455, 1595, 470, 1104, 5021, 12, 18242, 3047, 4943]"
⚠️ SAST Risk (Low): Potential for unhandled exceptions if reweighter type is unsupported,"[158, 248, 254, 37929, 311, 11262, 19602, 357, 20535, 2599, 32480, 329, 555, 38788, 13269, 611, 302, 732, 4799, 2099, 318, 24222]",0.5,142,sast_risk,47,Potential for unhandled exceptions if reweighter type is unsupported,Low,128,        if reweighter is None:,"[220, 220, 220, 220, 220, 220, 220, 611, 302, 732, 4799, 318, 6045, 25]"
✅ Best Practice: Use of DMatrix for efficient data handling in XGBoost,"[26486, 227, 6705, 19939, 25, 5765, 286, 14848, 265, 8609, 329, 6942, 1366, 9041, 287, 1395, 4579, 78, 455]",1.0,156,best_practice,47,Use of DMatrix for efficient data handling in XGBoost,,142,        if reweighter is None:,"[220, 220, 220, 220, 220, 220, 220, 611, 302, 732, 4799, 318, 6045, 25]"
🧠 ML Signal: Training of an XGBoost model with specified parameters,"[8582, 100, 254, 10373, 26484, 25, 13614, 286, 281, 1395, 4579, 78, 455, 2746, 351, 7368, 10007]",1.0,193,ml_signal,57,Training of an XGBoost model with specified parameters,,156,"        dvalid = xgb.DMatrix(x_valid.values, label=y_valid_1d, weight=w_valid)","[220, 220, 220, 220, 220, 220, 220, 288, 12102, 796, 2124, 22296, 13, 35, 46912, 7, 87, 62, 12102, 13, 27160, 11, 6167, 28, 88, 62, 12102, 62, 16, 67, 11, 3463, 28, 86, 62, 12102, 8]"
✅ Best Practice: Extracting evaluation results for further analysis,"[26486, 227, 6705, 19939, 25, 29677, 278, 12660, 2482, 329, 2252, 3781]",1.0,214,best_practice,65,Extracting evaluation results for further analysis,,193,"            evals_result=evals_result,","[220, 220, 220, 220, 220, 220, 220, 220, 220, 220, 220, 819, 874, 62, 20274, 28, 1990, 874, 62, 20274, 11]"
⚠️ SAST Risk (Low): No check if 'dataset' is None or of the correct type,"[158, 248, 254, 37929, 311, 11262, 19602, 357, 20535, 2599, 1400, 2198, 611, 705, 19608, 292, 316, 6, 318, 6045, 393, 286, 262, 3376, 2099]",0.5,231,sast_risk,60,No check if 'dataset' is None or of the correct type,Low,214,"            dtrain=dtrain,","[220, 220, 220, 220, 220, 220, 220, 220, 220, 220, 220, 288, 27432, 28, 67, 27432, 11]"
⚠️ SAST Risk (Medium): Raises a generic exception which might not be handled properly,"[158, 248, 254, 37929, 311, 11262, 19602, 357, 31205, 2599, 7567, 2696, 257, 14276, 6631, 543, 1244, 407, 307, 12118, 6105]",0.5,260,sast_risk,62,Raises a generic exception which might not be handled properly,Medium,231,"            evals=[(dtrain, ""train""), (dvalid, ""valid"")],","[220, 220, 220, 220, 220, 220, 220, 220, 220, 220, 220, 819, 874, 41888, 7, 67, 27432, 11, 366, 27432, 12340, 357, 67, 12102, 11, 366, 12102, 4943, 4357]"
✅ Best Practice: Explicitly specifying parameters in function calls improves readability,"[26486, 227, 6705, 19939, 25, 11884, 306, 31577, 10007, 287, 2163, 3848, 19575, 1100, 1799]",0.5,281,best_practice,64,Explicitly specifying parameters in function calls improves readability,,260,"            verbose_eval=verbose_eval,","[220, 220, 220, 220, 220, 220, 220, 220, 220, 220, 220, 15942, 577, 62, 18206, 28, 19011, 577, 62, 18206, 11]"
🧠 ML Signal: Use of xgb.DMatrix indicates a pattern of using XGBoost for predictions,"[8582, 100, 254, 10373, 26484, 25, 5765, 286, 2124, 22296, 13, 35, 46912, 9217, 257, 3912, 286, 1262, 1395, 4579, 78, 455, 329, 16277]",0.5,302,ml_signal,65,Use of xgb.DMatrix indicates a pattern of using XGBoost for predictions,,281,"            evals_result=evals_result,","[220, 220, 220, 220, 220, 220, 220, 220, 220, 220, 220, 819, 874, 62, 20274, 28, 1990, 874, 62, 20274, 11]"
🧠 ML Signal: Use of pd.Series suggests a pattern of returning predictions as a pandas Series,"[8582, 100, 254, 10373, 26484, 25, 5765, 286, 279, 67, 13, 27996, 5644, 257, 3912, 286, 8024, 16277, 355, 257, 19798, 292, 7171]",0.5,323,ml_signal,65,Use of pd.Series suggests a pattern of returning predictions as a pandas Series,,302,"            evals_result=evals_result,","[220, 220, 220, 220, 220, 220, 220, 220, 220, 220, 220, 819, 874, 62, 20274, 28, 1990, 874, 62, 20274, 11]"
✅ Best Practice: Include a docstring to describe the method's purpose and provide references.,"[26486, 227, 6705, 19939, 25, 40348, 257, 2205, 8841, 284, 6901, 262, 2446, 338, 4007, 290, 2148, 10288, 13]",1.0,344,best_practice,64,Include a docstring to describe the method's purpose and provide references.,,323,"            verbose_eval=verbose_eval,","[220, 220, 220, 220, 220, 220, 220, 220, 220, 220, 220, 15942, 577, 62, 18206, 28, 19011, 577, 62, 18206, 11]"
🧠 ML Signal: Usage of model's feature importance can indicate model interpretability practices.,"[8582, 100, 254, 10373, 26484, 25, 29566, 286, 2746, 338, 3895, 6817, 460, 7603, 2746, 6179, 1799, 6593, 13]",0.5,372,ml_signal,71,Usage of model's feature importance can indicate model interpretability practices.,,344,"    def predict(self, dataset: DatasetH, segment: Union[Text, slice] = ""test""):","[220, 220, 220, 825, 4331, 7, 944, 11, 27039, 25, 16092, 292, 316, 39, 11, 10618, 25, 4479, 58, 8206, 11, 16416, 60, 796, 366, 9288, 1, 2599]"
⚠️ SAST Risk (Low): Using *args and **kwargs can lead to unexpected arguments being passed.,"[158, 248, 254, 37929, 311, 11262, 19602, 357, 20535, 2599, 8554, 1635, 22046, 290, 12429, 46265, 22046, 460, 1085, 284, 10059, 7159, 852, 3804, 13]",1.0,400,sast_risk,71,Using *args and **kwargs can lead to unexpected arguments being passed.,Low,372,"    def predict(self, dataset: DatasetH, segment: Union[Text, slice] = ""test""):","[220, 220, 220, 825, 4331, 7, 944, 11, 27039, 25, 16092, 292, 316, 39, 11, 10618, 25, 4479, 58, 8206, 11, 16416, 60, 796, 366, 9288, 1, 2599]"
✅ Best Practice: Sort feature importance values for better interpretability.,"[26486, 227, 6705, 19939, 25, 33947, 3895, 6817, 3815, 329, 1365, 6179, 1799, 13]",0.5,428,best_practice,71,Sort feature importance values for better interpretability.,,400,"    def predict(self, dataset: DatasetH, segment: Union[Text, slice] = ""test""):","[220, 220, 220, 825, 4331, 7, 944, 11, 27039, 25, 16092, 292, 316, 39, 11, 10618, 25, 4479, 58, 8206, 11, 16416, 60, 796, 366, 9288, 1, 2599]"
